SIZES
  narena                14680064
  nbuffer               432736
  nplugin               0
  maxuse_stack          10168
  maxuse_arena          33164
  maxuse_con            7
  maxuse_efc            33
  solver_nisland        1
  ne                    0
  nf                    12
  nl                    0
  nefc                  15
  nnzJ                  270
  ncon                  1
  nisland               0
  threadpool            0

TIMER
    0:  duration =  0.11       number = 1
    1:  duration =  0.1        number = 1
    2:  duration =  0          number = 0
    3:  duration =  0.07       number = 1
    4:  duration =  0.0049     number = 1
    5:  duration =  0.0013     number = 1
    6:  duration =  0.021      number = 1
    7:  duration =  0.0043     number = 1
    8:  duration =  0.0096     number = 1
    9:  duration =  0.0024     number = 1
    10:  duration =  0.048      number = 1
    11:  duration =  0.0087     number = 1
    12:  duration =  0.0002     number = 1
    13:  duration =  0.012      number = 1
    14:  duration =  0.011      number = 1

SOLVER STAT
  solver_nisland = 1
  solver_fwdinv =   0         0       
  ISLAND 0
    solver_niter = 3
    solver_nnz = 324
      0:  improvement =  3.2         gradient =  0.027       lineslope =  0       
          nactive = 15   nchange = 1   neval = 3   nupdate = 0
      1:  improvement =  0.055       gradient =  0.0068      lineslope =  0.0019  
          nactive = 15   nchange = 0   neval = 10   nupdate = 0
      2:  improvement =  0.0016      gradient =  0.0046      lineslope =  0       
          nactive = 15   nchange = 1   neval = 7   nupdate = 1

ENERGY =   0         0       

TIME =  5.5     

QPOS
   4.2     
   0.24    
   0.19    
   1       
   0.0086  
   0.065   
   0.013   
   0.18    
   1.1     
  -2.4     
  -0.27    
   0.93    
  -2       
   0.047   
   0.97    
  -1.9     
  -0.037   
   1.2     
  -1.9     

QVEL
   0.82    
   0.087   
  -0.054   
  -1.6     
  -0.37    
  -0.091   
   4.7     
  -6.2     
  -13      
   1.4     
   4.5     
   0.37    
  -5       
  -0.3     
   8.8     
  -0.38    
   1.1     
  -6       

QACC_WARMSTART
   0.95    
   3.4     
  -0.85    
  -43      
  -36      
   5.5     
  -21      
  -4e+02   
   89      
   7.4     
   25      
   41      
  -78      
   39      
   1.9e+02 
  -34      
  -1.8e+02 
  -2.2e+02 

CTRL
  -1.3     
  -9.2     
  -0.97    
   6.8     
   5.8     
   18      
  -5.6     
   1.3     
   4.6     
  -1.5     
  -7.2     
  -6.1     

QFRC_APPLIED
   0       
   0       
   0       
   0       
   0       
   0       
   0       
   0       
   0       
   0       
   0       
   0       
   0       
   0       
   0       
   0       
   0       
   0       

XFRC_APPLIED
   0         0         0         0         0         0       
   0         0         0         0         0         0       
   0         0         0         0         0         0       
   0         0         0         0         0         0       
   0         0         0         0         0         0       
   0         0         0         0         0         0       
   0         0         0         0         0         0       
   0         0         0         0         0         0       
   0         0         0         0         0         0       
   0         0         0         0         0         0       
   0         0         0         0         0         0       
   0         0         0         0         0         0       
   0         0         0         0         0         0       
   0         0         0         0         0         0       
   0         0         0         0         0         0       
   0         0         0         0         0         0       
   0         0         0         0         0         0       
   0         0         0         0         0         0       

QACC
   0.95    
   3.4     
  -0.85    
  -43      
  -36      
   5.5     
  -21      
  -4e+02   
   89      
   7.4     
   25      
   41      
  -78      
   39      
   1.9e+02 
  -34      
  -1.8e+02 
  -2.2e+02 

SENSOR
  -1.7     
   5.2     
   7.9     
  -1.5     
  -0.3     
  -0.1     
   4.2     
   0.24    
   0.18    
  -0.017   
   0.76    
   0.00013 
   0.65    
   0.82    
   0.069   
  -0.046   
  -1.5     
  -0.34    
   0.092   

XPOS
   0         0         0       
   4.2       0.24      0.19    
   4.4       0.29      0.16    
   4.4       0.39      0.18    
   4.2       0.4       0.12    
   4.2       0.4       0.12    
   4.4       0.2       0.16    
   4.4       0.11      0.18    
   4.2       0.07      0.082   
   4.2       0.07      0.082   
   4         0.28      0.21    
   4         0.38      0.22    
   3.8       0.38      0.13    
   3.8       0.38      0.13    
   4         0.19      0.21    
   4         0.094     0.21    
   3.8       0.087     0.17    
   3.8       0.087     0.17    

XQUAT
   1         0         0         0       
   1         0.01      0.065     0.013   
   0.99      0.094     0.066     0.0072  
   0.8       0.075     0.6       0.057   
   0.85      0.08     -0.52     -0.048   
   0.85      0.08     -0.52     -0.048   
   0.99     -0.13      0.063     0.022   
   0.86     -0.12      0.49     -0.037   
   0.88     -0.097    -0.47      0.085   
   0.88     -0.097    -0.47      0.085   
   1         0.039     0.066     0.011   
   0.85      0.029     0.52      0.028   
   0.91      0.039    -0.41     -0.0083  
   0.91      0.039    -0.41     -0.0083  
   1        -0.008     0.065     0.014   
   0.78     -0.014     0.63      0.0068  
   0.97     -0.0034   -0.24      0.016   
   0.97     -0.0034   -0.24      0.016   

XMAT
   1         0         0         0         1         0         0         0         1       
   0.99     -0.024     0.13      0.027     1        -0.019    -0.13      0.022     0.99    
   0.99     -0.0019    0.13      0.027     0.98     -0.19     -0.13      0.19      0.97    
   0.28     -0.0019    0.96      0.18      0.98     -0.051    -0.94      0.19      0.28    
   0.45     -0.0019   -0.89     -0.17      0.98     -0.086     0.88      0.19      0.44    
   0.45     -0.0019   -0.89     -0.17      0.98     -0.086     0.88      0.19      0.44    
   0.99     -0.059     0.12      0.027     0.97      0.25     -0.13     -0.25      0.96    
   0.51     -0.059     0.86     -0.19      0.97      0.18     -0.84     -0.25      0.48    
   0.55     -0.059    -0.83      0.24      0.97      0.091     0.8      -0.25      0.55    
   0.55     -0.059    -0.83      0.24      0.97      0.091     0.8      -0.25      0.55    
   0.99     -0.017     0.13      0.027     1        -0.075    -0.13      0.078     0.99    
   0.45     -0.017     0.89      0.077     1        -0.02     -0.89      0.078     0.45    
   0.67     -0.017    -0.74     -0.047     1        -0.065     0.74      0.078     0.67    
   0.67     -0.017    -0.74     -0.047     1        -0.065     0.74      0.078     0.67    
   0.99     -0.029     0.13      0.027     1         0.018    -0.13     -0.014     0.99    
   0.21     -0.029     0.98     -0.0076    1         0.031    -0.98     -0.014     0.21    
   0.88     -0.029    -0.47      0.032     1        -0.0011    0.47     -0.014     0.88    
   0.88     -0.029    -0.47      0.032     1        -0.0011    0.47     -0.014     0.88    

XIPOS
   0         0         0       
   4.2       0.24      0.18    
   4.4       0.29      0.16    
   4.4       0.37      0.17    
   4.3       0.41      0.064   
   4.3       0.41      0.076   
   4.4       0.2       0.16    
   4.4       0.12      0.17    
   4.3       0.059     0.0097  
   4.3       0.06      0.026   
   4         0.28      0.21    
   4         0.36      0.21    
   3.9       0.39      0.036   
   3.9       0.39      0.058   
   4         0.19      0.21    
   4         0.11      0.21    
   3.9       0.088     0.045   
   3.9       0.087     0.079   

XIMAT
   1         0         0         0         1         0         0         0         1       
   0.15      0.022     0.99     -0.021    -1         0.025     0.99     -0.025    -0.15    
  -0.01      0.14      0.99      0.98     -0.18      0.036     0.18      0.97     -0.14    
   0.23     -0.15      0.96      0.96      0.2      -0.2      -0.16      0.97      0.19    
  -0.005    -0.45     -0.9       0.98      0.18     -0.093     0.2      -0.88      0.44    
   0.0047   -0.46     -0.89      0.98      0.18     -0.089     0.2      -0.87      0.46    
  -0.051     0.13      0.99      0.97      0.25      0.017    -0.25      0.96     -0.14    
  -0.36     -0.34      0.87      0.93     -0.17      0.32      0.041     0.92      0.38    
  -0.057    -0.55     -0.83      0.96     -0.25      0.098    -0.26     -0.8       0.54    
  -0.051    -0.57     -0.82      0.97     -0.22      0.095    -0.24     -0.79      0.56    
  -0.0098    0.12      0.99      1        -0.071     0.019     0.072     0.99     -0.12    
   0.27     -0.31      0.91      0.94      0.3      -0.18     -0.22      0.9       0.37    
  -0.016    -0.67     -0.74      1         0.057    -0.073     0.091    -0.74      0.66    
  -0.0068   -0.68     -0.73      1         0.06     -0.066     0.089    -0.73      0.68    
  -0.036     0.12      0.99      1         0.012     0.034    -0.0082    0.99     -0.12    
  -0.23     -0.071     0.97      0.91     -0.37      0.19      0.34      0.93      0.15    
  -0.034    -0.88     -0.47      1        -0.042     0.0073   -0.026    -0.47      0.88    
  -0.016    -0.89     -0.45      1        -0.018    -0.00067  -0.0074   -0.45      0.89    

XANCHOR
   4.2       0.24      0.19    
   4.4       0.29      0.16    
   4.4       0.39      0.18    
   4.2       0.4       0.12    
   4.4       0.2       0.16    
   4.4       0.11      0.18    
   4.2       0.07      0.082   
   4         0.28      0.21    
   4         0.38      0.22    
   3.8       0.38      0.13    
   4         0.19      0.21    
   4         0.094     0.21    
   3.8       0.087     0.17    

XAXIS
   0         0         1       
   0.99      0.027    -0.13    
  -0.0019    0.98      0.19    
  -0.0019    0.98      0.19    
   0.99      0.027    -0.13    
  -0.059     0.97     -0.25    
  -0.059     0.97     -0.25    
   0.99      0.027    -0.13    
  -0.017     1         0.078   
  -0.017     1         0.078   
   0.99      0.027    -0.13    
  -0.029     1        -0.014   
  -0.029     1        -0.014   

GEOM_XPOS
   0         0         0       
   4.5       0.25      0.088   
   4.5       0.25      0.09    
   4.5       0.25      0.18    
   4.3       0.25      0.21    
   4.3       0.24      0.18    
   4.2       0.24      0.19    
   4.5       0.25      0.16    
   4.5       0.25      0.089   
   4.4       0.29      0.16    
   4.4       0.3       0.17    
   4.4       0.37      0.18    
   4.4       0.37      0.17    
   4.4       0.36      0.18    
   4.3       0.39      0.15    
   4.3       0.41      0.072   
   4.4       0.42      0.02    
   4.2       0.4       0.1     
   4.3       0.41      0.074   
   4.2       0.4       0.12    
   4.4       0.42      0.02    
   4.4       0.2       0.16    
   4.4       0.19      0.17    
   4.4       0.12      0.18    
   4.4       0.12      0.16    
   4.4       0.13      0.19    
   4.3       0.088     0.13    
   4.3       0.06      0.019   
   4.4       0.048    -0.042   
   4.3       0.067     0.057   
   4.4       0.061     0.017   
   4.2       0.068     0.075   
   4.4       0.049    -0.042   
   4         0.28      0.21    
   4         0.29      0.21    
   4         0.36      0.22    
   4         0.36      0.2     
   4         0.35      0.23    
   3.9       0.38      0.17    
   3.9       0.39      0.047   
   4         0.4      -0.025   
   3.9       0.38      0.093   
   3.9       0.39      0.041   
   3.8       0.38      0.12    
   4         0.4      -0.025   
   4         0.19      0.21    
   4         0.18      0.21    
   4         0.11      0.21    
   4         0.11      0.21    
   4         0.12      0.22    
   3.9       0.09      0.19    
   3.9       0.087     0.059   
   3.9       0.087    -0.029   
   3.8       0.087     0.12    
   3.9       0.088     0.045   
   3.8       0.087     0.16    
   3.9       0.087    -0.029   

GEOM_XMAT
   1         0         0         0         1         0         0         0         1       
  -0.13     -0.99      0.024    -0.027    -0.021    -1         0.99     -0.13     -0.024   
  -0.13     -0.99      0.024    -0.026    -0.021    -1         0.99     -0.13     -0.023   
   1        -0.024     0.083     0.026     1        -0.02     -0.083     0.022     1       
   0.12      0.039     0.99     -0.011    -1         0.041     0.99     -0.016    -0.12    
   0.083     0.019     1        -0.033    -1         0.022     1        -0.035    -0.083   
   0.99     -0.024     0.13      0.027     1        -0.019    -0.13      0.022     0.99    
   0.99     -0.024     0.13      0.027     1        -0.019    -0.13      0.022     0.99    
   0.99     -0.024     0.13      0.027     1        -0.019    -0.13      0.022     0.99    
   0.05      0.14      0.99      0.98     -0.18     -0.024     0.18      0.97     -0.14    
  -0.36      0.13      0.92      0.91     -0.18      0.38      0.22      0.97     -0.055   
   0.99      0.13      0.0019    0.027    -0.19     -0.98     -0.13      0.97     -0.19    
   0.15     -0.21      0.97      0.98     -0.077    -0.17      0.11      0.98      0.19    
   0.56     -0.81     -0.2      -0.71     -0.34     -0.61      0.42      0.48     -0.77    
  -0.96     -0.0019    0.28      0.051     0.98      0.18     -0.28      0.19     -0.94    
  -0.011    -0.41     -0.91      0.98      0.15     -0.082     0.17     -0.9       0.4     
  -0.52      0.0018    0.86     -0.16     -0.98     -0.095     0.84     -0.19      0.51    
   0.25     -0.0019   -0.97     -0.18      0.98     -0.049     0.95      0.19      0.25    
   0.49     -0.0019   -0.87     -0.16      0.98     -0.094     0.85      0.19      0.48    
   0.45     -0.0019   -0.89     -0.17      0.98     -0.086     0.88      0.19      0.44    
  -0.52      0.0016    0.86     -0.16     -0.98     -0.095     0.84     -0.19      0.51    
   0.11     -0.12      0.99     -0.96     -0.25      0.078     0.24     -0.96     -0.14    
  -0.3      -0.12      0.95     -0.91     -0.26     -0.32      0.28     -0.96     -0.03    
   0.99      0.12      0.059     0.027     0.25     -0.97     -0.13      0.96      0.25    
  -0.23     -0.43      0.87      0.95      0.095     0.29     -0.21      0.9       0.39    
   0.37     -0.93      0.083     0.79      0.27     -0.55      0.49      0.27      0.83    
  -0.86     -0.059     0.51     -0.18      0.97     -0.19     -0.48     -0.25     -0.84    
  -0.048    -0.52     -0.85      0.97     -0.23      0.084    -0.24     -0.82      0.51    
  -0.41      0.059     0.91      0.2      -0.97      0.15      0.89      0.25      0.38    
   0.38     -0.059    -0.92      0.25      0.97      0.041     0.89     -0.25      0.38    
   0.59     -0.059    -0.8       0.23      0.97      0.1       0.77     -0.25      0.59    
   0.55     -0.059    -0.83      0.24      0.97      0.091     0.8      -0.25      0.55    
  -0.41      0.058     0.91      0.2      -0.97      0.15      0.89      0.25      0.38    
  -0.069    -0.13     -0.99      0.99      0.076    -0.079     0.085    -0.99      0.13    
   0.34     -0.13     -0.93      0.94      0.076     0.34      0.026    -0.99      0.15    
   0.99      0.13      0.017     0.027    -0.075    -1        -0.13      0.99     -0.078   
   0.15     -0.38      0.91      0.99      0.028    -0.15      0.031     0.93      0.38    
   0.46     -0.88     -0.074    -0.66     -0.29     -0.69      0.59      0.37     -0.72    
  -0.89     -0.017     0.45      0.02      1         0.077    -0.45      0.078    -0.89    
  -0.03     -0.64     -0.77      1         0.032    -0.065     0.067    -0.77      0.64    
  -0.27      0.016     0.96     -0.08     -1        -0.0055    0.96     -0.078     0.27    
   0.51     -0.017    -0.86     -0.059     1        -0.054     0.86      0.078     0.51    
   0.71     -0.017    -0.71     -0.044     1        -0.067     0.71      0.078     0.7     
   0.67     -0.017    -0.74     -0.047     1        -0.065     0.74      0.078     0.67    
  -0.27      0.016     0.96     -0.08     -1        -0.0055    0.96     -0.078     0.27    
  -0.023     0.13     -0.99     -1         0.017     0.026     0.02      0.99      0.13    
   0.39      0.13     -0.91     -0.92      0.017    -0.39     -0.034     0.99      0.12    
   0.99      0.13      0.029     0.027     0.018    -1        -0.13      0.99      0.014   
  -0.18     -0.13      0.97      0.98     -0.097     0.17      0.072     0.99      0.15    
   0.58     -0.77      0.27      0.65      0.23     -0.73      0.5       0.59      0.63    
  -0.98     -0.029     0.21     -0.031     1        -0.0076   -0.21     -0.014    -0.98    
  -0.013    -0.86     -0.5       1        -0.015     0.00034  -0.0078   -0.5       0.86    
   0.073     0.029     1         0.016    -1         0.028     1         0.014    -0.073   
   0.77     -0.029    -0.63      0.031     1        -0.0074    0.63     -0.014     0.77    
   0.91     -0.029    -0.42      0.032     1         0.00054   0.42     -0.014     0.91    
   0.88     -0.029    -0.47      0.032     1        -0.0011    0.47     -0.014     0.88    
   0.073     0.028     1         0.016    -1         0.027     1         0.014    -0.074   

SITE_XPOS
   4.2       0.24      0.23    
   4.2       0.24      0.19    

SITE_XMAT
   0.99     -0.024     0.13      0.027     1        -0.019    -0.13      0.022     0.99    
   0.99     -0.024     0.13      0.027     1        -0.019    -0.13      0.022     0.99    

SUBTREE_COM
   4.2       0.24      0.17    
   4.2       0.24      0.17    
   4.4       0.35      0.15    
   4.4       0.37      0.15    
   4.3       0.41      0.067   
   4.3       0.41      0.076   
   4.4       0.14      0.14    
   4.4       0.11      0.13    
   4.3       0.059     0.014   
   4.3       0.06      0.026   
   4         0.34      0.18    
   4         0.36      0.17    
   3.9       0.39      0.041   
   3.9       0.39      0.058   
   4         0.13      0.19    
   4         0.11      0.18    
   3.9       0.088     0.053   
   3.9       0.087     0.079   

CDOF
   0         0         0         1         0         0       
   0         0         0         0         1         0       
   0         0         0         0         0         1       
   0.99      0.027    -0.13     -0.00045   0.016    -0.00017 
  -0.024     1         0.022    -0.015    -0.00053   0.0079  
   0.13     -0.019     0.99      0.00065  -0.0058   -0.0002  
   0.99      0.027    -0.13     -0.0065    0.017    -0.046   
  -0.0019    0.98      0.19      0.019    -0.037     0.2     
  -0.0019    0.98      0.19      0.079     0.0012   -0.0057  
   0.99      0.027    -0.13      0.0056    0.015     0.046   
  -0.059     0.97     -0.25      0.021     0.051     0.19    
  -0.059     0.97     -0.25      0.13      0.011     0.012   
   0.99      0.027    -0.13     -0.0065    0.017    -0.046   
  -0.017     1         0.078    -0.038     0.014    -0.18    
  -0.017     1         0.078     0.058     0.03     -0.37    
   0.99      0.027    -0.13      0.0056    0.015     0.046   
  -0.029     1        -0.014    -0.038    -0.0037   -0.18    
  -0.029     1        -0.014     0.0075   -0.0053   -0.39    

CINERT
   0         0         0         0         0         0         0         0         0         0       
   0.027     0.1       0.11     -0.0021    0.011     3.7e-05   0.19      0.0072    0.047     6.9     
   0.0025    0.026     0.028    -0.007     0.0011    0.00036   0.13      0.036    -0.0056    0.68    
   0.019     0.037     0.055    -0.023    -0.00068   0.00033   0.19      0.14     -0.0013    1.2     
   0.0099    0.0079    0.012    -0.0051    0.0037    0.0044    0.03      0.04     -0.026     0.24    
   0.003     0.002     0.0032   -0.0011    0.00091   0.0013    0.0061    0.013    -0.0074    0.077   
   0.0018    0.027     0.028     0.0057    0.0014   -0.00037   0.13     -0.029    -0.0069    0.68    
   0.018     0.041     0.056     0.022    -0.00051  -0.0014    0.2      -0.13     -0.0065    1.2     
   0.015     0.013     0.014     0.0064    0.0063   -0.0072    0.035    -0.044    -0.039     0.24    
   0.0044    0.0032    0.0039    0.0015    0.0015   -0.0021    0.0078   -0.014    -0.011     0.077   
   0.0029    0.024     0.024     0.0053    0.0049   -0.0012   -0.12      0.03      0.027     0.68    
   0.018     0.062     0.075     0.03      0.0072   -0.0044   -0.25      0.13      0.041     1.2     
   0.011     0.023     0.024     0.0096   -0.0081    0.005    -0.065     0.036    -0.033     0.24    
   0.0031    0.0091    0.0094    0.0034   -0.0023    0.0013   -0.024     0.011    -0.0087    0.077   
   0.0034    0.023     0.024    -0.0064    0.0046    0.0014   -0.12     -0.036     0.026     0.68    
   0.021     0.06      0.076    -0.032     0.0083    0.0052   -0.25     -0.14      0.042     1.2     
   0.011     0.03      0.03     -0.012    -0.0091   -0.0047   -0.076    -0.037    -0.031     0.24    
   0.0031    0.011     0.011    -0.0041   -0.0021   -0.0011   -0.026    -0.012    -0.0071    0.077   

ACTUATOR_LENGTH
   0.17    
   1.2     
  -2.4     
  -0.28    
   0.92    
  -2       
   0.057   
   0.97    
  -1.9     
  -0.036   
   1.2     
  -1.8     

ACTUATOR_MOMENT
   0         0         0         0         0         0         1         0         0         0         0         0         0         0         0         0         0         0       
   0         0         0         0         0         0         0         1         0         0         0         0         0         0         0         0         0         0       
   0         0         0         0         0         0         0         0         1         0         0         0         0         0         0         0         0         0       
   0         0         0         0         0         0         0         0         0         1         0         0         0         0         0         0         0         0       
   0         0         0         0         0         0         0         0         0         0         1         0         0         0         0         0         0         0       
   0         0         0         0         0         0         0         0         0         0         0         1         0         0         0         0         0         0       
   0         0         0         0         0         0         0         0         0         0         0         0         1         0         0         0         0         0       
   0         0         0         0         0         0         0         0         0         0         0         0         0         1         0         0         0         0       
   0         0         0         0         0         0         0         0         0         0         0         0         0         0         1         0         0         0       
   0         0         0         0         0         0         0         0         0         0         0         0         0         0         0         1         0         0       
   0         0         0         0         0         0         0         0         0         0         0         0         0         0         0         0         1         0       
   0         0         0         0         0         0         0         0         0         0         0         0         0         0         0         0         0         1       

CRB
   0         0         0         0         0         0         0         0         0         0       
   0.17      0.5       0.58     -0.0084    0.028    -0.0031   -1.3e-14  -3.6e-16  -6.2e-17   16      
   0.035     0.074     0.098    -0.036     0.0051    0.0064    0.36      0.23     -0.04      2.1     
   0.032     0.047     0.07     -0.029     0.004     0.006     0.23      0.2      -0.035     1.5     
   0.013     0.0099    0.015    -0.0062    0.0047    0.0057    0.036     0.053    -0.033     0.32    
   0.003     0.002     0.0032   -0.0011    0.00091   0.0013    0.0061    0.013    -0.0074    0.077   
   0.039     0.084     0.1       0.036     0.0087   -0.011     0.38     -0.22     -0.064     2.1     
   0.037     0.057     0.074     0.03      0.0073   -0.011     0.24     -0.19     -0.057     1.5     
   0.019     0.016     0.018     0.0079    0.0078   -0.0093    0.043    -0.058    -0.05      0.32    
   0.0044    0.0032    0.0039    0.0015    0.0015   -0.0021    0.0078   -0.014    -0.011     0.077   
   0.035     0.12      0.13      0.048     0.0017    0.00075  -0.46      0.21      0.027     2.1     
   0.032     0.094     0.11      0.043    -0.0032    0.0019   -0.34      0.18     -0.00081   1.5     
   0.014     0.032     0.033     0.013    -0.01      0.0063   -0.088     0.047    -0.042     0.32    
   0.0031    0.0091    0.0094    0.0034   -0.0023    0.0013   -0.024     0.011    -0.0087    0.077   
   0.038     0.12      0.14     -0.054     0.0016    0.00078  -0.47     -0.23      0.03      2.1     
   0.035     0.1       0.12     -0.047    -0.003    -0.00059  -0.35     -0.19      0.0044    1.5     
   0.014     0.04      0.041    -0.016    -0.011    -0.0058   -0.1      -0.049    -0.038     0.32    
   0.0031    0.011     0.011    -0.0041   -0.0021   -0.0011   -0.026    -0.012    -0.0071    0.077   

QM
   16        0         0        -0.0069   -0.23      0.01      0.015    -0.043    -0.018    -0.018    -0.072    -0.022     0.014    -0.07     -0.027    -0.017    -0.055    -0.036   
   0         16        0         0.24     -0.0082   -0.091     0.029    -0.012     0.007     0.046     0.01     -0.01      0.069    -0.0062    0.002     0.063    -0.0004   -0.0013  
   0         0         16       -0.0026    0.12     -0.0031    0.12      0.063    -0.037    -0.13      0.057    -0.034     0.12      0.064    -0.032    -0.12      0.083    -0.021   
  -0.0069    0.24     -0.0026    0.18      0.00035  -0.028     0.022     0.0082   -0.0056    0.03     -0.0068    0.0053    0.03      0.0077   -0.005     0.028    -0.011     0.0036  
  -0.23     -0.0082    0.12      0.00035   0.51     -0.002    -0.018     0.0039    0.0086    0.02      0.0093    0.01      0.029     0.033    -0.0025   -0.03      0.038     0.00027 
   0.01     -0.091    -0.0031   -0.028    -0.002     0.58      0.003     0.008     0.0032    0.005    -0.014    -0.0055   -0.019     0.013     0.0031   -0.019    -0.011    -0.0047  
   0.015     0.029     0.12      0.022    -0.018     0.003     0.027     0.0055   -0.0038    0         0         0         0         0         0         0         0         0       
  -0.043    -0.012     0.063     0.0082    0.0039    0.008     0.0055    0.026     0.0012    0         0         0         0         0         0         0         0         0       
  -0.018     0.007    -0.037    -0.0056    0.0086    0.0032   -0.0038    0.0012    0.018     0         0         0         0         0         0         0         0         0       
  -0.018     0.046    -0.13      0.03      0.02      0.005     0         0         0         0.034    -0.0046    0.0036    0         0         0         0         0         0       
  -0.072     0.01      0.057    -0.0068    0.0093   -0.014     0         0         0        -0.0046    0.031     0.0038    0         0         0         0         0         0       
  -0.022    -0.01     -0.034     0.0053    0.01     -0.0055    0         0         0         0.0036    0.0038    0.018     0         0         0         0         0         0       
   0.014     0.069     0.12      0.03      0.029    -0.019     0         0         0         0         0         0         0.034     0.0052   -0.0033    0         0         0       
  -0.07     -0.0062    0.064     0.0077    0.033     0.013     0         0         0         0         0         0         0.0052    0.032     0.0044    0         0         0       
  -0.027     0.002    -0.032    -0.005    -0.0025    0.0031    0         0         0         0         0         0        -0.0033    0.0044    0.018     0         0         0       
  -0.017     0.063    -0.12      0.028    -0.03     -0.019     0         0         0         0         0         0         0         0         0         0.033    -0.0072    0.0024  
  -0.055    -0.0004    0.083    -0.011     0.038    -0.011     0         0         0         0         0         0         0         0         0        -0.0072    0.034     0.0052  
  -0.036    -0.0013   -0.021     0.0036    0.00027  -0.0047    0         0         0         0         0         0         0         0         0         0.0024    0.0052    0.018   

QLD
   15        2.6e-05   0.0022   -0.013    -0.2      -0.0039    0.85     -1.6      -0.98     -0.8      -2.2      -1.2       0.65     -2        -1.5      -0.75     -1.4      -2       
   2.6e-05   15        0.0018    1        -0.03     -0.0096    1.4      -0.49      0.39      1.6       0.41     -0.56      2.2      -0.21      0.11      2.1      -0.00025  -0.074   
   0.0022    0.0018    13        0.073    -0.13      0.012     4.1       2.5      -2.1      -3.5       2.1      -1.9       3.1       2.3      -1.8      -3         2.7      -1.2     
  -0.013     1         0.073     0.078    -0.00066  -0.012     0.78      0.33     -0.31      0.86     -0.26      0.3       0.84      0.29     -0.28      0.82     -0.36      0.2     
  -0.2      -0.03     -0.13     -0.00066   0.36     -0.002    -0.68      0.13      0.48      0.6       0.23      0.57      0.67      1.1      -0.14     -0.69      1.2       0.015   
  -0.0039   -0.0096    0.012    -0.012    -0.002     0.54      0.081     0.3       0.18      0.12     -0.42     -0.3      -0.64      0.39      0.17     -0.67     -0.28     -0.26    
   0.85      1.4       4.1       0.78     -0.68      0.081     0.025     0.22     -0.21      0         0         0         0         0         0         0         0         0       
  -1.6      -0.49      2.5       0.33      0.13      0.3       0.22      0.026     0.069     0         0         0         0         0         0         0         0         0       
  -0.98      0.39     -2.1      -0.31      0.48      0.18     -0.21      0.069     0.018     0         0         0         0         0         0         0         0         0       
  -0.8       1.6      -3.5       0.86      0.6       0.12      0         0         0         0.032    -0.18      0.2       0         0         0         0         0         0       
  -2.2       0.41      2.1      -0.26      0.23     -0.42      0         0         0        -0.18      0.03      0.21      0         0         0         0         0         0       
  -1.2      -0.56     -1.9       0.3       0.57     -0.3       0         0         0         0.2       0.21      0.018     0         0         0         0         0         0       
   0.65      2.2       3.1       0.84      0.67     -0.64      0         0         0         0         0         0         0.033     0.19     -0.19      0         0         0       
  -2        -0.21      2.3       0.29      1.1       0.39      0         0         0         0         0         0         0.19      0.031     0.25      0         0         0       
  -1.5       0.11     -1.8      -0.28     -0.14      0.17      0         0         0         0         0         0        -0.19      0.25      0.018     0         0         0       
  -0.75      2.1      -3         0.82     -0.69     -0.67      0         0         0         0         0         0         0         0         0         0.03     -0.24      0.13    
  -1.4      -0.00025   2.7      -0.36      1.2      -0.28      0         0         0         0         0         0         0         0         0        -0.24      0.033     0.29    
  -2        -0.074    -1.2       0.2       0.015    -0.26      0         0         0         0         0         0         0         0         0         0.13      0.29      0.018   

QLDIAGINV
   0.067   
   0.067   
   0.076   
   13      
   2.8     
   1.9     
   41      
   38      
   56      
   31      
   33      
   56      
   31      
   32      
   56      
   33      
   31      
   56      

QLDIAGSQRTINV
   0.26    
   0.26    
   0.28    
   3.6     
   1.7     
   1.4     
   6.4     
   6.2     
   7.5     
   5.6     
   5.7     
   7.5     
   5.5     
   5.6     
   7.5     
   5.7     
   5.5     
   7.5     

B_rownnz              18 18 9 9 9 9 9 9 9 9 9 9 9 9 9 9 9 9

B_rowadr              0 18 36 45 54 63 72 81 90 99 108 117 126 135 144 153 162 171

B_colind              0 1 2 3 4 5 6 7 8 9 10 11 12 13 14 15 16 17 0 1 2 3 4 5 6 7 8 9 10 11 12 13 14 15 16 17 0 1 2 3 4 5 6 7 8 0 1 2 3 4 5 6 7 8 0 1 2 3 4 5 6 7 8 0 1 2 3 4 5 6 7 8 0 1 2 3 4 5 9 10 11 0 1 2 3 4 5 9 10 11 0 1 2 3 4 5 9 10 11 0 1 2 3 4 5 9 10 11 0 1 2 3 4 5 12 13 14 0 1 2 3 4 5 12 13 14 0 1 2 3 4 5 12 13 14 0 1 2 3 4 5 12 13 14 0 1 2 3 4 5 15 16 17 0 1 2 3 4 5 15 16 17 0 1 2 3 4 5 15 16 17 0 1 2 3 4 5 15 16 17

C_rownnz              18 18 18 18 18 18 9 9 9 9 9 9 9 9 9 9 9 9

C_rowadr              0 18 36 54 72 90 108 117 126 135 144 153 162 171 180 189 198 207

C_colind              0 1 2 3 4 5 6 7 8 9 10 11 12 13 14 15 16 17 0 1 2 3 4 5 6 7 8 9 10 11 12 13 14 15 16 17 0 1 2 3 4 5 6 7 8 9 10 11 12 13 14 15 16 17 0 1 2 3 4 5 6 7 8 9 10 11 12 13 14 15 16 17 0 1 2 3 4 5 6 7 8 9 10 11 12 13 14 15 16 17 0 1 2 3 4 5 6 7 8 9 10 11 12 13 14 15 16 17 0 1 2 3 4 5 6 7 8 0 1 2 3 4 5 6 7 8 0 1 2 3 4 5 6 7 8 0 1 2 3 4 5 9 10 11 0 1 2 3 4 5 9 10 11 0 1 2 3 4 5 9 10 11 0 1 2 3 4 5 12 13 14 0 1 2 3 4 5 12 13 14 0 1 2 3 4 5 12 13 14 0 1 2 3 4 5 15 16 17 0 1 2 3 4 5 15 16 17 0 1 2 3 4 5 15 16 17

mapM2C                0 2 5 9 14 20 27 35 44 51 59 68 75 83 92 99 107 116 2 1 4 8 13 19 26 34 43 50 58 67 74 82 91 98 106 115 5 4 3 7 12 18 25 33 42 49 57 66 73 81 90 97 105 114 9 8 7 6 11 17 24 32 41 48 56 65 72 80 89 96 104 113 14 13 12 11 10 16 23 31 40 47 55 64 71 79 88 95 103 112 20 19 18 17 16 15 22 30 39 46 54 63 70 78 87 94 102 111 27 26 25 24 23 22 21 29 38 35 34 33 32 31 30 29 28 37 44 43 42 41 40 39 38 37 36 51 50 49 48 47 46 45 53 62 59 58 57 56 55 54 53 52 61 68 67 66 65 64 63 62 61 60 75 74 73 72 71 70 69 77 86 83 82 81 80 79 78 77 76 85 92 91 90 89 88 87 86 85 84 99 98 97 96 95 94 93 101 110 107 106 105 104 103 102 101 100 109 116 115 114 113 112 111 110 109 108

D_rownnz              18 18 18 18 18 18 9 9 9 9 9 9 9 9 9 9 9 9

D_rowadr              0 18 36 54 72 90 108 117 126 135 144 153 162 171 180 189 198 207

D_colind              0 1 2 3 4 5 6 7 8 9 10 11 12 13 14 15 16 17 0 1 2 3 4 5 6 7 8 9 10 11 12 13 14 15 16 17 0 1 2 3 4 5 6 7 8 9 10 11 12 13 14 15 16 17 0 1 2 3 4 5 6 7 8 9 10 11 12 13 14 15 16 17 0 1 2 3 4 5 6 7 8 9 10 11 12 13 14 15 16 17 0 1 2 3 4 5 6 7 8 9 10 11 12 13 14 15 16 17 0 1 2 3 4 5 6 7 8 0 1 2 3 4 5 6 7 8 0 1 2 3 4 5 6 7 8 0 1 2 3 4 5 9 10 11 0 1 2 3 4 5 9 10 11 0 1 2 3 4 5 9 10 11 0 1 2 3 4 5 12 13 14 0 1 2 3 4 5 12 13 14 0 1 2 3 4 5 12 13 14 0 1 2 3 4 5 15 16 17 0 1 2 3 4 5 15 16 17 0 1 2 3 4 5 15 16 17

mapM2D                0 2 5 9 14 20 27 35 44 51 59 68 75 83 92 99 107 116 2 1 4 8 13 19 26 34 43 50 58 67 74 82 91 98 106 115 5 4 3 7 12 18 25 33 42 49 57 66 73 81 90 97 105 114 9 8 7 6 11 17 24 32 41 48 56 65 72 80 89 96 104 113 14 13 12 11 10 16 23 31 40 47 55 64 71 79 88 95 103 112 20 19 18 17 16 15 22 30 39 46 54 63 70 78 87 94 102 111 27 26 25 24 23 22 21 29 38 35 34 33 32 31 30 29 28 37 44 43 42 41 40 39 38 37 36 51 50 49 48 47 46 45 53 62 59 58 57 56 55 54 53 52 61 68 67 66 65 64 63 62 61 60 75 74 73 72 71 70 69 77 86 83 82 81 80 79 78 77 76 85 92 91 90 89 88 87 86 85 84 99 98 97 96 95 94 93 101 110 107 106 105 104 103 102 101 100 109 116 115 114 113 112 111 110 109 108

mapD2M                0 19 18 38 37 36 57 56 55 54 76 75 74 73 72 95 94 93 92 91 90 114 113 112 111 110 109 108 124 123 122 121 120 119 118 117 134 133 132 131 130 129 128 127 126 141 140 139 138 137 136 135 151 150 149 148 147 146 145 144 161 160 159 158 157 156 155 154 153 168 167 166 165 164 163 162 178 177 176 175 174 173 172 171 188 187 186 185 184 183 182 181 180 195 194 193 192 191 190 189 205 204 203 202 201 200 199 198 215 214 213 212 211 210 209 208 207

QDERIV
   0         0         0         0         0         0         0         0         0         0         0         0         0         0         0         0         0         0       
   0         0         0         0         0         0         0         0         0         0         0         0         0         0         0         0         0         0       
   0         0         0         0         0         0         0         0         0         0         0         0         0         0         0         0         0         0       
   0         0         0         0         0         0         0         0         0         0         0         0         0         0         0         0         0         0       
   0         0         0         0         0         0         0         0         0         0         0         0         0         0         0         0         0         0       
   0         0         0         0         0         0         0         0         0         0         0         0         0         0         0         0         0         0       
   0         0         0         0         0         0        -0.1       0         0         0         0         0         0         0         0         0         0         0       
   0         0         0         0         0         0         0        -0.1       0         0         0         0         0         0         0         0         0         0       
   0         0         0         0         0         0         0         0        -0.1       0         0         0         0         0         0         0         0         0       
   0         0         0         0         0         0         0         0         0        -0.1       0         0         0         0         0         0         0         0       
   0         0         0         0         0         0         0         0         0         0        -0.1       0         0         0         0         0         0         0       
   0         0         0         0         0         0         0         0         0         0         0        -0.1       0         0         0         0         0         0       
   0         0         0         0         0         0         0         0         0         0         0         0        -0.1       0         0         0         0         0       
   0         0         0         0         0         0         0         0         0         0         0         0         0        -0.1       0         0         0         0       
   0         0         0         0         0         0         0         0         0         0         0         0         0         0        -0.1       0         0         0       
   0         0         0         0         0         0         0         0         0         0         0         0         0         0         0        -0.1       0         0       
   0         0         0         0         0         0         0         0         0         0         0         0         0         0         0         0        -0.1       0       
   0         0         0         0         0         0         0         0         0         0         0         0         0         0         0         0         0        -0.1     

QLU
   0         0         0         0         0         0         0         0         0         0         0         0         0         0         0         0         0         0       
   0         0         0         0         0         0         0         0         0         0         0         0         0         0         0         0         0         0       
   0         0         0         0         0         0         0         0         0         0         0         0         0         0         0         0         0         0       
   0         0         0         0         0         0         0         0         0         0         0         0         0         0         0         0         0         0       
   0         0         0         0         0         0         0         0         0         0         0         0         0         0         0         0         0         0       
   0         0         0         0         0         0         0         0         0         0         0         0         0         0         0         0         0         0       
   0         0         0         0         0         0         0         0         0         0         0         0         0         0         0         0         0         0       
   0         0         0         0         0         0         0         0         0         0         0         0         0         0         0         0         0         0       
   0         0         0         0         0         0         0         0         0         0         0         0         0         0         0         0         0         0       
   0         0         0         0         0         0         0         0         0         0         0         0         0         0         0         0         0         0       
   0         0         0         0         0         0         0         0         0         0         0         0         0         0         0         0         0         0       
   0         0         0         0         0         0         0         0         0         0         0         0         0         0         0         0         0         0       
   0         0         0         0         0         0         0         0         0         0         0         0         0         0         0         0         0         0       
   0         0         0         0         0         0         0         0         0         0         0         0         0         0         0         0         0         0       
   0         0         0         0         0         0         0         0         0         0         0         0         0         0         0         0         0         0       
   0         0         0         0         0         0         0         0         0         0         0         0         0         0         0         0         0         0       
   0         0         0         0         0         0         0         0         0         0         0         0         0         0         0         0         0         0       
   0         0         0         0         0         0         0         0         0         0         0         0         0         0         0         0         0         0       

CONTACT
  0:
     dim           3
     geoms         ground : 30
     exclude       0
     efc_address   12
     solref         0.02      1       
     solimp         0.9       0.95      0.001     0.5       2       
     dist          -0.011   
     includemargin  0.002   
     pos            4.4       0.058    -0.0054  
     frame          0         0         1         0         1         0        -1         0         0       
     friction       1         1         0.005     0.0001    0.0001  
     mu             1       

EFC_TYPE
  1
  1
  1
  1
  1
  1
  1
  1
  1
  1
  1
  1
  7
  7
  7

EFC_ID
  6
  7
  8
  9
  10
  11
  12
  13
  14
  15
  16
  17
  0
  0
  0

EFC_J
   0         0         0         0         0         0         1         0         0         0         0         0         0         0         0         0         0         0       
   0         0         0         0         0         0         0         1         0         0         0         0         0         0         0         0         0         0       
   0         0         0         0         0         0         0         0         1         0         0         0         0         0         0         0         0         0       
   0         0         0         0         0         0         0         0         0         1         0         0         0         0         0         0         0         0       
   0         0         0         0         0         0         0         0         0         0         1         0         0         0         0         0         0         0       
   0         0         0         0         0         0         0         0         0         0         0         1         0         0         0         0         0         0       
   0         0         0         0         0         0         0         0         0         0         0         0         1         0         0         0         0         0       
   0         0         0         0         0         0         0         0         0         0         0         0         0         1         0         0         0         0       
   0         0         0         0         0         0         0         0         0         0         0         0         0         0         1         0         0         0       
   0         0         0         0         0         0         0         0         0         0         0         0         0         0         0         1         0         0       
   0         0         0         0         0         0         0         0         0         0         0         0         0         0         0         0         1         0       
   0         0         0         0         0         0         0         0         0         0         0         0         0         0         0         0         0         1       
   0         0         1        -0.19     -0.16     -0.021     0         0         0        -0.14      0.031    -0.15      0         0         0         0         0         0       
   0         1         0         0.17     -0.00089   0.19      0         0         0         0.17     -0.0039   -0.043     0         0         0         0         0         0       
  -1         0         0         0.029     0.19     -0.18      0         0         0         0.023     0.2       0.088     0         0         0         0         0         0       

EFC_POS
   0       
   0       
   0       
   0       
   0       
   0       
   0       
   0       
   0       
   0       
   0       
   0       
  -0.011   
   0       
   0       

EFC_MARGIN
   0       
   0       
   0       
   0       
   0       
   0       
   0       
   0       
   0       
   0       
   0       
   0       
   0.002   
   0       
   0       

EFC_FRICTIONLOSS
   0.2     
   0.2     
   0.2     
   0.2     
   0.2     
   0.2     
   0.2     
   0.2     
   0.2     
   0.2     
   0.2     
   0.2     
   0       
   0       
   0       

EFC_DIAGAPPROX
   27      
   26      
   77      
   26      
   26      
   77      
   27      
   26      
   77      
   27      
   26      
   77      
   1.5     
   1.5     
   1.5     

EFC_KBIP
   0         1.1e+02   0.9       0       
   0         1.1e+02   0.9       0       
   0         1.1e+02   0.9       0       
   0         1.1e+02   0.9       0       
   0         1.1e+02   0.9       0       
   0         1.1e+02   0.9       0       
   0         1.1e+02   0.9       0       
   0         1.1e+02   0.9       0       
   0         1.1e+02   0.9       0       
   0         1.1e+02   0.9       0       
   0         1.1e+02   0.9       0       
   0         1.1e+02   0.9       0       
   2.8e+03   1.1e+02   0.95      0       
   0         1.1e+02   0.95      0       
   0         1.1e+02   0.95      0       

EFC_D
   0.34    
   0.34    
   0.12    
   0.34    
   0.34    
   0.12    
   0.34    
   0.34    
   0.12    
   0.34    
   0.34    
   0.12    
   13      
   13      
   13      

EFC_R
   2.9     
   2.9     
   8.6     
   2.9     
   2.9     
   8.6     
   3       
   2.9     
   8.6     
   3       
   2.9     
   8.6     
   0.08    
   0.08    
   0.08    

ACTUATOR_VELOCITY
   4.7     
  -5.4     
  -13      
   1.4     
   4.5     
   0.28    
  -4.8     
  -0.38    
   8.4     
  -0.32    
   1.4     
  -5.6     

CVEL
   0         0         0         0         0         0       
  -1.5      -0.34      0.092     0.82      0.056    -0.054   
   3.1      -0.21     -0.52      0.79      0.13     -0.27    
   3.1      -5.5      -1.5       0.69      0.33     -1.3     
   3.2      -18       -4        -0.35      0.32     -1.2     
   3.2      -18       -4        -0.35      0.32     -1.2     
  -0.12     -0.3      -0.092     0.83      0.077     0.011   
  -0.39      4        -1.2       0.92      0.3       0.87    
  -0.4       4.3      -1.3       0.96      0.31      0.87    
  -0.4       4.3      -1.3       0.96      0.31      0.87    
  -6.3      -0.47      0.72      0.85     -0.024     0.17    
  -6.3      -0.84      0.69      0.87     -0.029     0.24    
  -6.4       7.6       1.3       1.4       0.23     -2.9     
  -6.4       7.6       1.3       1.4       0.23     -2.9     
  -1.8      -0.35      0.13      0.82      0.052    -0.069   
  -1.9       1.1       0.11      0.76      0.046    -0.33    
  -1.7      -4.5       0.19      0.72      0.076     1.9     
  -1.7      -4.5       0.19      0.72      0.076     1.9     

CDOF_DOT
   0         0         0         0         0         0       
   0         0         0         0         0         0       
   0         0         0         0         0         0       
  -0         0         0        -0.009     0.054    -0.057   
   0        -0         0         0.054    -0.017     0.82    
   0         0        -0         0.078    -0.81     -0.026   
   0.041    -0.11      0.29      0.0082   -0.018    -0.061   
   0.47     -0.58      3.1       0.23     -0.77      0.66    
   0.47     -0.58      3.1       1.4      -0.23      1.1     
   0.041    -0.11      0.29     -0.023     0.12     -0.055   
   0.16     -0.026    -0.14     -0.082     0.23      0.81    
   0.16     -0.026    -0.14     -0.85      0.027     0.38    
   0.041    -0.11      0.29      0.0082   -0.018    -0.061   
  -0.75      0.48     -6.3      -0.094    -1.3       0.74    
  -0.75      0.48     -6.3       0.054    -2.4       0.72    
   0.041    -0.11      0.29     -0.023     0.12     -0.055   
  -0.13     -0.03     -1.9       0.13     -0.33      0.81    
  -0.13     -0.03     -1.9      -0.09     -0.72      0.77    

QFRC_BIAS
  -11      
  -11      
   1.7e+02 
  -0.24    
   3.4     
   3.2     
   1.4     
   2.6     
  -0.61    
  -1.4     
   0.58    
  -0.48    
   0.44    
   1.3     
  -0.63    
  -1.1     
   1       
  -0.23    

QFRC_SPRING
   0       
   0       
   0       
   0       
   0       
   0       
   0       
   0       
   0       
   0       
   0       
   0       
   0       
   0       
   0       
   0       
   0       
   0       

QFRC_DAMPER
   0       
   0       
   0       
   0       
   0       
   0       
  -0.47    
   0.54    
   1.3     
  -0.14    
  -0.45    
  -0.028   
   0.48    
   0.038   
  -0.84    
   0.032   
  -0.14    
   0.56    

QFRC_GRAVCOMP
   0       
   0       
   0       
   0       
   0       
   0       
   0       
   0       
   0       
   0       
   0       
   0       
   0       
   0       
   0       
   0       
   0       
   0       

QFRC_FLUID
   0       
   0       
   0       
   0       
   0       
   0       
   0       
   0       
   0       
   0       
   0       
   0       
   0       
   0       
   0       
   0       
   0       
   0       

QFRC_PASSIVE
   0       
   0       
   0       
   0       
   0       
   0       
  -0.47    
   0.54    
   1.3     
  -0.14    
  -0.45    
  -0.028   
   0.48    
   0.038   
  -0.84    
   0.032   
  -0.14    
   0.56    

EFC_VEL
   4.7     
  -5.4     
  -13      
   1.4     
   4.5     
   0.28    
  -4.8     
  -0.38    
   8.4     
  -0.32    
   1.4     
  -5.6     
   0.18    
   0.0094  
   0.039   

EFC_AREF
  -5e+02   
   5.7e+02 
   1.4e+03 
  -1.5e+02 
  -4.7e+02 
  -30      
   5.1e+02 
   40      
  -8.9e+02 
   33      
  -1.5e+02 
   5.9e+02 
   14      
  -0.99    
  -4.1     

SUBTREE_LINVEL
   0         0         0       
   0         0         0       
   0         0         0       
   0         0         0       
   0         0         0       
   0         0         0       
   0         0         0       
   0         0         0       
   0         0         0       
   0         0         0       
   0         0         0       
   0         0         0       
   0         0         0       
   0         0         0       
   0         0         0       
   0         0         0       
   0         0         0       
   0         0         0       

SUBTREE_ANGMOM
   0         0         0       
   0         0         0       
   0         0         0       
   0         0         0       
   0         0         0       
   0         0         0       
   0         0         0       
   0         0         0       
   0         0         0       
   0         0         0       
   0         0         0       
   0         0         0       
   0         0         0       
   0         0         0       
   0         0         0       
   0         0         0       
   0         0         0       
   0         0         0       

ACTUATOR_FORCE
  -1.3     
  -9.2     
  -0.97    
   6.8     
   5.8     
   18      
  -5.6     
   1.3     
   4.6     
  -1.5     
  -7.2     
  -6.1     

QFRC_ACTUATOR
   0       
   0       
   0       
   0       
   0       
   0       
  -1.3     
  -9.2     
  -0.97    
   6.8     
   5.8     
   18      
  -5.6     
   1.3     
   4.6     
  -1.5     
  -7.2     
  -6.1     

QFRC_SMOOTH
   11      
   11      
  -1.7e+02 
   0.24    
  -3.4     
  -3.2     
  -3.2     
  -11      
   0.96    
   8       
   4.8     
   19      
  -5.6     
   0.0053  
   4.4     
  -0.43    
  -8.3     
  -5.3     

QACC_SMOOTH
   0.53    
   1.4     
  -3.9     
   6.5     
  -12      
  -3.4     
  -19      
  -4.2e+02 
   79      
   1.2e+02 
   59      
   1e+03   
  -1.3e+02 
   14      
   2.1e+02 
  -75      
  -2e+02   
  -2.3e+02 

EFC_B
   4.8e+02 
  -9.9e+02 
  -1.3e+03 
   2.7e+02 
   5.3e+02 
   1.1e+03 
  -6.4e+02 
  -26      
   1.1e+03 
  -1.1e+02 
  -51      
  -8.2e+02 
  -1.8e+02 
  -21      
   1.1e+02 

EFC_FORCE
  -0.2     
   0.2     
   0.2     
  -0.2     
  -0.2     
  -0.2     
   0.2     
   0.13    
  -0.2     
   0.2     
   0.2     
   0.2     
   96      
   29      
  -35      

EFC_STATE
  3
  2
  2
  3
  3
  3
  2
  1
  3
  2
  2
  2
  1
  1
  1

QFRC_CONSTRAINT
   35      
   29      
   96      
  -14      
  -22      
   10      
  -0.2     
   0.2     
   0.2     
  -9.4     
  -4.1     
  -19      
   0.2     
   0.13    
  -0.2     
   0.2     
   0.2     
   0.2     

QFRC_INVERSE
   0       
   0       
   0       
   0       
   0       
   0       
   0       
   0       
   0       
   0       
   0       
   0       
   0       
   0       
   0       
   0       
   0       
   0       

CACC
   0         0         0        -0        -0         9.8     
  -41       -37        10        1.5       2.7       8.5     
  -61       -39        14        1.7       2.3       9.2     
  -63       -4.3e+02  -77       -7.1       21       -73      
  -69       -3.4e+02  -1e+02    -18        24       -88      
  -69       -3.4e+02  -1e+02    -18        24       -88      
  -33       -37        9.7       1.5       3         8.8     
  -34       -13        2.9       1.7       5.3       17      
  -36        26       -7.4       6.7       5.8       18      
  -36        26       -7.4       6.7       5.8       18      
  -1.2e+02  -39        19        2         1.5       12      
  -1.2e+02  -0.00021   24        0.52      2.5       4.9     
  -1.3e+02   1.9e+02  -14        12       -12       -60      
  -1.3e+02   1.9e+02  -14        12       -12       -60      
  -74       -38        15        1.3       2.2       7       
  -69       -2.2e+02   14        8.4       2.4       41      
  -62       -4.3e+02   28        7.3       7.6       1.2e+02 
  -62       -4.3e+02   28        7.3       7.6       1.2e+02 

CFRC_INT
  -0.042    -0.033    -0.0044   -0.01     -0.033     0.21    
  -0.042    -0.033    -0.0044   -0.01     -0.033     0.21    
  -1.9      -4        -0.3       7.6       8.8      -1.7     
  -2.4      -2.1      -0.83      6.7       5.8      -11      
  -1.4      -0.4      -1.2       3        -2.4      -6.3     
  -0.48     -0.2      -0.38      1.4      -0.069    -2.6     
   7.7       16       -9.3      -29       -21       -54      
   8.2       18       -9.9      -30       -24       -66      
   11        22       -11       -34       -30       -89      
  -0.31     -0.19      0.033     0.3      -0.018     1.6     
  -4.1      -2.6       5        -9.8      -12       -16      
  -4        -2.5       5.2      -9.5      -14       -16      
  -2.7      -0.36      4.1      -7.5      -11       -6.4     
  -0.54     -0.057     0.88     -1.4      -2.4      -1.2     
  -0.79     -3.7       3.3       22        1.8       4.7     
  -0.54     -4.1       3.6       22        0.15      1.8     
  -0.22     -3.6       3.7       19       -2.4      -0.91    
   0.079    -1.1       0.74      3.8      -0.51     -1       

CFRC_EXT
   0         0         0         0         0         0       
   0         0         0         0         0         0       
   0         0         0         0         0         0       
   0         0         0         0         0         0       
   0         0         0         0         0         0       
   0         0         0         0         0         0       
   0         0         0         0         0         0       
   0         0         0         0         0         0       
  -12       -23        11        35        29        96      
   0         0         0         0         0         0       
   0         0         0         0         0         0       
   0         0         0         0         0         0       
   0         0         0         0         0         0       
   0         0         0         0         0         0       
   0         0         0         0         0         0       
   0         0         0         0         0         0       
   0         0         0         0         0         0       
   0         0         0         0         0         0       

